0
0.309017
0.587785
0.809017
0.951057
1
0.951056
0.809017
0.587785
0.309017
-8.74228e-08
-0.309017
-0.587785
-0.809017
-0.951057
-1
-0.951056
-0.809017
-0.587785
-0.309017
1.74846e-07
0.309017
0.587786
0.809017
0.951057
1
0.951056
0.809017
0.587785
0.309017
-2.38498e-08
-0.309017
-0.587785
-0.809017
-0.951057
-1
-0.951057
-0.809017
-0.587785
-0.309017
3.49691e-07
0.309017
0.587786
0.809017
0.951057
1
0.951056
0.809017
0.587785
0.309016
-6.75532e-07
-0.309018
-0.587786
-0.809017
-0.951057
-1
-0.951056
-0.809017
-0.587785
-0.309017
4.76995e-08
0.309017
0.587785
0.809017
0.951057
1
0.951056
0.809016
0.587784
0.309016
-1.32722e-06
-0.309018
-0.587785
-0.809018
-0.951056
-1
-0.951056
-0.809017
-0.587785
-0.309016
6.99382e-07
0.309018
0.587784
0.809018
0.951057
1
0.951057
0.809016
0.587784
0.309017
-7.15493e-08
-0.309019
-0.587786
-0.809017
-0.951057
-1
-0.951056
-0.809016
-0.587784
-0.309018
1.35106e-06
0.309018
0.587787
0.809018
0.951057
1
0.951057
0.809016
0.587783
0.309018
1.18412e-06
-0.30902
-0.587788
-0.809017
-0.951056
-1
-0.951057
-0.809017
-0.587785
-0.309013
9.5399e-08
0.309017
0.587786
0.809017
0.951057
1
0.951056
0.809016
0.587784
0.309016
-1.37491e-06
-0.309018
-0.587787
-0.809018
-0.951057
-1
-0.951056
-0.809018
-0.587783
-0.309015
2.65443e-06
0.309016
0.587788
0.809019
0.951056
1
0.951055
0.809015
0.587785
0.309017
-3.93395e-06
-0.309017
-0.587786
-0.809017
-0.951057
-1
-0.951056
-0.809016
-0.587784
-0.309016
1.39876e-06
0.309018
0.587787
0.809016
0.951056
1
0.951056
0.809016
0.587783
0.309015
1.13642e-06
-0.309016
-0.587785
-0.809019
-0.951057
-1
-0.951055
-0.809017
-0.587785
-0.309017
1.43099e-07
0.309021
0.587789
0.80902
0.951057
1
0.951056
0.809016
0.587784
0.309012
-5.23731e-06
-0.309015
-0.587787
-0.809018
-0.951057
-1
-0.951056
-0.809013
-0.587786
-0.309018
2.70213e-06
0.30902
0.587788
0.809019
0.951057
1
0.951055
0.809017
0.587782
0.309017
-3.98165e-06
-0.309025
-0.587783
-0.809017
-0.951058
-1
-0.951055
-0.809016
-0.587787
-0.309016
-2.36823e-06
0.309018
0.58779
0.809018
0.951058
1
0.951057
0.809016
0.587786
0.309015
-6.54068e-06
-0.30902
-0.587785
-0.809019
-0.951056
-1
-0.951057
-0.809015
-0.587779
-0.309021
1.90798e-07
0.309021
0.587786
0.80902
0.951057
1
0.951056
0.809019
0.587784
0.309012
-1.47031e-06
-0.309022
-0.587787
-0.809016
-0.951057
-1
-0.951056
-0.809013
-0.587783
-0.309011
2.74983e-06
0.309016
0.587788
0.809017
0.951058
1
0.951055
0.809017
0.587782
0.309017
-4.02935e-06
-0.309017
-0.587789
-0.809022
-0.951056
-1
-0.951055
-0.809016
-0.587781
-0.309016
5.30886e-06
0.309019
0.587784
0.809018
0.951058
1
0.951055
0.809016
0.587786
0.309014
1.04102e-06
-0.30902
-0.587791
-0.809019
-0.951059
-1
-0.951057
-0.809015
-0.587785
-0.309013
7.86789e-06
0.309014
0.587786
0.80902
0.951057
1
0.951056
0.809014
0.587784
0.309019
-1.51801e-06
-0.309022
-0.587787
-0.80902
-0.951057
-1
-0.951056
-0.809018
-0.587783
-0.309011
2.79753e-06
0.309023
0.587788
0.809017
0.951058
1
0.951058
0.809017
0.587788
0.309017
-4.07704e-06
-0.309017
-0.587789
-0.809017
-0.951058
-1
-0.951055
-0.809012
-0.587781
-0.309008
-2.27283e-06
0.309019
0.587784
0.809018
0.951056
1
0.951055
0.809016
0.58778
0.309014
-6.63608e-06
-0.309027
-0.587791
-0.809014
-0.951056
-1
-0.951057
-0.809015
-0.587785
-0.309013
2.86197e-07
0.309021
0.587792
0.80902
0.951059
1
0.951054
0.809019
0.587784
0.309019
-1.56571e-06
-0.309015
-0.587787
-0.80902
-0.951057
-1
-0.951056
-0.809013
-0.587777
-0.309011
1.04746e-05
0.309016
0.587782
0.809017
0.951058
1
0.951055
0.809017
0.587782
0.30901
-4.12474e-06
-0.309025
-0.587789
-0.809022
-0.95106
-1
-0.951057
-0.809016
-0.587787
-0.309016
5.40426e-06
0.309019
0.58779
0.809018
0.951058
1
0.951055
0.809011
0.58778
0.309022
9.45619e-07
-0.30902
-0.587791
-0.809014
-0.951056
-1
-0.951054
-0.80901
-0.587785
-0.309013
7.96329e-06
0.309028
0.587798
0.80902
0.951054
1
0.951056
0.809014
0.587778
0.309019
-1.61341e-06
-0.309022
-0.587793
-0.809025
-0.951057
-1
-0.951058
-0.809018
-0.587783
-0.309011
-4.73647e-06
0.309016
0.587788
0.809021
0.95106
1
0.951055
0.809013
0.587776
0.309002
-4.17244e-06
-0.30901
-0.587783
-0.809017
-0.951058
-1
-0.951057
-0.809016
-0.587781
-0.309008
1.30814e-05
0.309019
0.58779
0.809023
0.951056
1
0.951055
0.80902
0.587786
0.309014
-6.73147e-06
-0.309027
-0.587785
-0.809019
-0.951059
-1
-0.951052
-0.809015
-0.587791
-0.30902
3.81596e-07
0.309021
0.587792
0.809015
0.951057
1
0.951054
0.809009
0.587784
0.309012
-9.29051e-06
-0.30903
-0.587787
-0.80902
-0.951055
-1
-0.951056
-0.809013
-0.587777
-0.309018
2.94063e-06
0.309024
0.587794
0.809026
0.951058
1
0.951058
0.809017
0.587782
0.309009
3.40925e-06
-0.309018
-0.587789
-0.809022
-0.95106
-1
-0.951055
-0.809012
-0.587775
-0.309016
5.49966e-06
0.309011
0.587784
0.809018
0.951058
1
0.951057
0.809015
0.58778
0.309007
-1.44086e-05
-0.30902
-0.587791
-0.809014
-0.951056
-1
-0.951054
-0.809019
-0.587785
-0.309013
8.05869e-06
0.309028
0.587786
0.80902
0.951059
1
0.951051
0.809014
0.58779
0.309019
-1.70881e-06
-0.309022
-0.587793
-0.809016
-0.951057
-1
-0.951053
-0.809009
-0.587783
-0.309011
1.06177e-05
0.309016
0.587788
0.809021
0.951055
1
0.951055
0.809012
0.587776
0.309017
-4.26784e-06
-0.309025
-0.587795
-0.809026
-0.951058
-1
-0.951057
-0.809016
-0.587781
-0.309008
-2.08204e-06
0.309019
0.58779
0.809023
0.951061
1
0.951055
0.809011
0.587774
0.309014
-6.82687e-06
-0.309013
-0.587785
-0.809019
-0.951059
-1
-0.951057
-0.809015
-0.587779
-0.309006
1.57358e-05
0.309021
0.58778
0.809015
0.951057
1
0.951054
0.809018
0.587784
0.309012
-9.38591e-06
-0.30903
-0.587787
-0.809021
-0.95106
-1
-0.951056
-0.809013
-0.587789
-0.309018
3.03603e-06
0.309024
0.587794
0.809017
0.951058
1
0.951053
0.809008
0.587782
0.309009
3.31385e-06
-0.309018
-0.587789
-0.809022
-0.951056
-1
-0.951055
-0.809012
-0.587775
-0.309015
5.59506e-06
0.309026
0.587796
0.809027
0.951058
1
0.951057
0.809015
0.58778
0.309007
7.54821e-07
-0.30902
-0.587779
-0.809015
-0.951056
-1
-0.951059
-0.809019
-0.587785
-0.309013
8.15409e-06
0.309014
0.587786
0.80902
0.951059
1
0.951056
0.809014
0.587778
0.309005
-1.7063e-05
-0.309022
-0.587793
-0.809025
-0.951062
-1
-0.951053
-0.809009
-0.587771
-0.309025
-4.54567e-06
0.309016
0.587788
0.809012
0.951055
1
0.951055
0.809012
0.587788
0.309017
-4.36324e-06
-0.309025
-0.587795
-0.809018
-0.951058
-1
-0.951053
-0.809007
-0.587781
-0.309008
1.32722e-05
0.309033
0.587802
0.809023
0.951061
1
0.951059
0.80902
0.587786
0.309014
8.33652e-06
-0.309013
-0.587785
-0.809019
-0.951059
-1
-0.951056
-0.809015
-0.587779
-0.309006
5.72394e-07
0.309021
0.587792
0.809024
0.951062
1
0.951054
0.809009
0.587772
0.308997
-9.4813e-06
-0.30903
-0.587799
-0.80903
-0.951055
-1
-0.951056
-0.809022
-0.587789
-0.309018
3.13143e-06
0.309024
0.587782
0.809017
0.951058
1
0.951053
0.809017
0.587782
0.309009
-1.20403e-05
-0.309032
-0.587789
-0.809022
-0.95106
-1
-0.95105
-0.809012
-0.587775
-0.309001
2.09492e-05
0.309041
0.587784
0.809018
0.951054
1
0.951057
0.809015
0.58778
0.309021
6.59422e-07
-0.30902
-0.587791
-0.809024
-0.951056
-1
-0.951054
-0.80901
-0.587773
-0.309013
8.24949e-06
0.309029
0.587798
0.809029
0.951059
1
0.951051
0.809005
0.587765
0.309019
-1.89961e-06
-0.309008
-0.587781
-0.809016
-0.951057
-1
-0.951058
-0.809018
-0.587783
-0.30901
1.08085e-05
0.309017
0.587788
0.809021
0.95106
1
0.951055
0.809012
0.587776
0.309002
-1.97174e-05
-0.309025
-0.587795
-0.809027
-0.951063
-1
-0.951053
-0.809016
-0.587793
-0.309008
-1.89124e-06
0.309004
0.58779
0.809014
0.951061
1
0.951059
0.809011
0.587786
0.309
-7.01767e-06
-0.309013
-0.587797
-0.809019
-0.951064
-1
-0.951056
-0.809006
-0.587779
-0.308991
1.59266e-05
0.309021
0.587804
0.809024
0.951066
1
0.951054
0.809018
0.587796
0.309012
5.68209e-06
-0.30903
-0.587787
-0.809012
-0.95106
-1
-0.951051
-0.809013
-0.587789
-0.309003
3.22682e-06
0.309038
0.587794
0.809017
0.951062
1
0.951048
0.809008
0.587782
0.308995
-1.21357e-05
-0.309047
-0.587777
-0.809022
-0.951056
-1
-0.951055
-0.809021
-0.587775
-0.309015
-9.47293e-06
0.309026
0.587784
0.809027
0.951058
1
0.951052
0.809015
0.587767
0.309007
5.64023e-07
-0.309035
-0.587791
-0.809033
-0.951061
-1
-0.951049
-0.80901
-0.58776
-0.308998
8.34489e-06
0.309014
0.587774
0.80902
0.951055
1
0.951056
0.809023
0.587778
0.309019
-1.72538e-05
-0.309023
-0.587781
-0.809025
-0.951057
-1
-0.951053
-0.809018
-0.58777
-0.30901
2.61627e-05
0.309031
0.587788
0.80903
0.95106
1
0.951051
0.809012
0.587788
0.309031
-4.55404e-06
-0.309011
-0.587795
-0.809018
-0.951053
-1
-0.951057
-0.809007
-0.587781
-0.309022
1.34629e-05
0.309019
0.587803
0.809023
0.951056
1
0.951054
0.809002
0.587774
0.309014
-2.23719e-05
-0.309028
-0.58781
-0.809028
-0.951059
-1
-0.951061
-0.809015
-0.587791
-0.309005
7.63192e-07
0.309007
0.587792
0.809015
0.951062
1
0.951058
0.809009
0.587784
0.308997
-9.6721e-06
-0.309015
-0.587799
-0.809021
-0.951064
-1
-0.951056
-0.809004
-0.587777
-0.308989
1.8581e-05
0.309024
0.587807
0.809008
0.951058
1
0.951053
0.809017
0.587794
0.309009
3.02766e-06
-0.309032
-0.587789
-0.809013
-0.95106
-1
-0.95105
-0.809012
-0.587787
-0.309001
5.88126e-06
0.309041
0.587796
0.809018
0.951063
1
0.951047
0.809006
0.58778
0.308992
-1.47902e-05
-0.30902
-0.587779
-0.809024
-0.951057
-1
-0.951054
-0.809019
-0.587772
-0.309013
-6.8185e-06
0.309029
0.587786
0.809029
