1.70588
1.7067
1.70916
1.71345
1.71934
1.727
1.73649
1.74776
1.76093
1.77601
1.79311
1.81227
1.83383
1.85748
1.88297
1.91179
1.94401
1.97838
2.01583
2.05725
2.10189
2.15047
2.20436
2.26199
2.32532
2.39428
2.47006
2.55312
2.64426
2.74472
2.85573
2.97882
3.11575
3.26884
3.44086
3.6353
3.85646
4.10995
4.40321
4.7459
5.15114
5.63733
6.23076
6.97075
7.91819
9.17332
10.9139
13.4861
17.6698
25.6623
46.9852
281.59
-70.3321
-31.2351
-20.0682
-14.7812
-11.6992
-9.68147
-8.25855
-7.20183
-6.38613
-5.73758
-5.20995
-4.77248
-4.40401
-4.08941
-3.81788
-3.58113
-3.37308
-3.18873
-3.02432
-2.87686
-2.74386
-2.62338
-2.51365
-2.41357
-2.32166
-2.2371
-2.15908
-2.08683
-2.01983
-1.9575
-1.89927
-1.84499
-1.79417
-1.74632
-1.70167
-1.65939
-1.61889
-1.58137
-1.54639
-1.5127
-1.48073
-1.45054
-1.42178
-1.39429
-1.36823
-1.34315
-1.31983
-1.29711
-1.27539
-1.25476
-1.23492
-1.21592
-1.19766
-1.18013
-1.16327
-1.14719
-1.13172
-1.11667
-1.10232
-1.08857
-1.07516
-1.06224
-1.04986
-1.03783
-1.02626
-1.01511
-1.00424
-0.993794
-0.983691
-0.973797
-0.964391
-0.955064
-0.946288
-0.937744
-0.929688
-0.920932
-0.913189
-0.90556
-0.897996
-0.89085
-0.883732
-0.87692
-0.870477
-0.86392
-0.85741
-0.851282
-0.84509
-0.839661
-0.833564
-0.828469
-0.823173
-0.817878
-0.812689
-0.807635
-0.802903
-0.798116
-0.793448
-0.788882
-0.7845
-0.78021
-0.776044
-0.771869
-0.767805
-0.763895
-0.760043
-0.756317
-0.752656
-0.748953
-0.745499
-0.742097
-0.73851
-0.735145
-0.732119
-0.728966
-0.725859
-0.72292
-0.719828
-0.716984
-0.713924
-0.711218
-0.708586
-0.705925
-0.703012
-0.700496
-0.698089
-0.695477
-0.693186
-0.690857
-0.688429
-0.686098
-0.683819
-0.681635
-0.67955
-0.677346
-0.675213
-0.673135
-0.671096
-0.669158
-0.66719
-0.665235
-0.663359
-0.661531
-0.659652
-0.657887
-0.656183
-0.654402
-0.652522
-0.651184
-0.649513
-0.647903
-0.646089
-0.644491
-0.643045
-0.641495
-0.639961
-0.638616
-0.637205
-0.635647
-0.634277
-0.63306
-0.63152
-0.630282
-0.628923
-0.627557
-0.626225
-0.625113
-0.623871
-0.62262
-0.6214
-0.620206
-0.618983
-0.6179
-0.616757
-0.615689
-0.614536
-0.613482
-0.612417
-0.611301
-0.610299
-0.609293
-0.608275
-0.607258
-0.606253
-0.605368
-0.604261
-0.603301
-0.602409
-0.601545
-0.601024
-0.599681
-0.599207
-0.598174
-0.597278
-0.596075
-0.595503
-0.594801
-0.593922
-0.59306
-0.592193
-0.591498
-0.590765
-0.590056
-0.589211
-0.588419
-0.587733
-0.587088
-0.586403
-0.585709
-0.5849
-0.584234
-0.583634
-0.582947
-0.582238
-0.58157
-0.580975
-0.580397
-0.579778
-0.57905
-0.578433
-0.577868
-0.577351
-0.576777
-0.576246
-0.575374
-0.575026
-0.574639
-0.573945
-0.573461
-0.572942
-0.572292
-0.57177
-0.571241
-0.570668
-0.570238
-0.569789
-0.569127
-0.568715
-0.568207
-0.567684
-0.567309
-0.566869
-0.566311
-0.565905
-0.56536
-0.5649
-0.564495
-0.564134
-0.563613
-0.563206
-0.562827
-0.562379
-0.561988
-0.561522
-0.561099
-0.560812
-0.560341
-0.559954
-0.559566
-0.559048
-0.558702
-0.558498
-0.558052
-0.557664
-0.557212
-0.556994
-0.556506
-0.55613
-0.555912
-0.555532
-0.555279
-0.554841
-0.55447
-0.554283
-0.553868
-0.553662
-0.553237
-0.552775
-0.552469
-0.552496
-0.551899
-0.551764
-0.551536
-0.551169
-0.550868
-0.550525
-0.550278
-0.550023
-0.549695
-0.549471
-0.549227
-0.548931
-0.548644
-0.548311
-0.548105
-0.547864
-0.547742
-0.547381
-0.547135
-0.546886
-0.546692
-0.546439
-0.546162
-0.545924
-0.545695
-0.545522
-0.545286
-0.545009
-0.544757
-0.544549
-0.544374
-0.544135
-0.543909
-0.543521
-0.542968
-0.542691
-0.542973
-0.543009
-0.542749
-0.542494
-0.542299
-0.542041
-0.541993
-0.541756
-0.541543
-0.541377
-0.541146
-0.540977
-0.540822
-0.54062
-0.540452
-0.54027
-0.540118
-0.539882
-0.539709
-0.539562
-0.539424
-0.53921
-0.539111
-0.538936
-0.53874
-0.538604
-0.538417
-0.538304
-0.53815
-0.53795
-0.537858
-0.537772
-0.537592
-0.537458
-0.537359
-0.537255
-0.537088
-0.537044
-0.536626
-0.536655
-0.536566
-0.536374
-0.536307
-0.536065
-0.535966
-0.535905
-0.535721
-0.535652
-0.535537
-0.535416
-0.535249
-0.535198
-0.535092
-0.534963
-0.534878
-0.534846
-0.53463
-0.534575
-0.534463
-0.534362
-0.534251
-0.534191
-0.534159
-0.533854
-0.534053
-0.533933
-0.533779
-0.533596
-0.533478
-0.533433
-0.53339
-0.533206
-0.533104
-0.533062
-0.532927
-0.533026
-0.532866
-0.532713
-0.532652
-0.532646
-0.532555
-0.532569
-0.532403
-0.532322
-0.532306
-0.532204
-0.532138
-0.532114
-0.531974
-0.53195
-0.531901
-0.531801
-0.531677
-0.53167
-0.531631
-0.531635
-0.53151
-0.531398
-0.531324
-0.53125
-0.531467
-0.531774
-0.531792
-0.53139
-0.5311
-0.531126
-0.531048
-0.53109
-0.531097
-0.530945
-0.530939
-0.530875
-0.530832
-0.530825
-0.53083
-0.530752
-0.530644
-0.530672
-0.530648
-0.530593
-0.530571
-0.530545
-0.530553
-0.530495
-0.530452
-0.530449
-0.530458
-0.530406
-0.530489
-0.53041
-0.530437
-0.530344
-0.530296
-0.530435
-0.530335
-0.530301
-0.530445
-0.530203
-0.530277
-0.530138
-0.530279
-0.530277
-0.530281
-0.530249
-0.530243
-0.530189
-0.530243
-0.530248
-0.530277
-0.530277
-0.530279
-0.530138
-0.530277
-0.530203
-0.530445
-0.530302
-0.530334
-0.530432
-0.530303
-0.530344
-0.530437
-0.53041
-0.530488
-0.530406
-0.530456
-0.530449
-0.530451
-0.530495
-0.530552
-0.530545
-0.530571
-0.530592
-0.530647
-0.53067
-0.530647
-0.530752
-0.53083
-0.530824
-0.530834
-0.530878
-0.530956
-0.530941
-0.531095
-0.531089
-0.531048
-0.531125
-0.5311
-0.531389
-0.531792
-0.531776
-0.531458
-0.531249
-0.531323
-0.531399
-0.531509
-0.531633
-0.531631
-0.531666
-0.531675
-0.5318
-0.5319
-0.53195
-0.531974
-0.532114
-0.532139
-0.532208
-0.532293
-0.532318
-0.532401
-0.532569
-0.532554
-0.532645
-0.532646
-0.532713
-0.532866
-0.533025
-0.532926
-0.533062
-0.533103
-0.533204
-0.533388
-0.533427
-0.533501
-0.533599
-0.53378
-0.533932
-0.534054
-0.533855
-0.534163
-0.534189
-0.534251
-0.534362
-0.534463
-0.534574
-0.53463
-0.534845
-0.534877
-0.534963
-0.535089
-0.535197
-0.535248
-0.535416
-0.535539
-0.535655
-0.535738
-0.535902
-0.535965
-0.536064
-0.536307
-0.536374
-0.536566
-0.536655
-0.536627
-0.537045
-0.537092
-0.537254
-0.53736
-0.537458
-0.537591
-0.537772
-0.537859
-0.537949
-0.538149
-0.538304
-0.538416
-0.538603
-0.53874
-0.538936
-0.53911
-0.53921
-0.539426
-0.539561
-0.539707
-0.539881
-0.540119
-0.540273
-0.540463
-0.540618
-0.540821
-0.540977
-0.541146
-0.541377
-0.541543
-0.541756
-0.541992
-0.542039
-0.542311
-0.542495
-0.54275
-0.543009
-0.542972
-0.542691
-0.542974
-0.543519
-0.543908
-0.544134
-0.544373
-0.544548
-0.544756
-0.545009
-0.545285
-0.545518
-0.545709
-0.545927
-0.546165
-0.546438
-0.546689
-0.546883
-0.547119
-0.547384
-0.547742
-0.547865
-0.548105
-0.548311
-0.548644
-0.548931
-0.549227
-0.549471
-0.549682
-0.550021
-0.550278
-0.550524
-0.550867
-0.551167
-0.551532
-0.551768
-0.5519
-0.552497
-0.55247
-0.552776
-0.553238
-0.553663
-0.553869
-0.554286
-0.554457
-0.554839
-0.555277
-0.555532
-0.555914
-0.556131
-0.55651
-0.556995
-0.557213
-0.557665
-0.558053
-0.558499
-0.558704
-0.559052
-0.559568
-0.559961
-0.560318
-0.560812
-0.561097
-0.561521
-0.561984
-0.562373
-0.562816
-0.563206
-0.563612
-0.564133
-0.564494
-0.564898
-0.565358
-0.565904
-0.56631
-0.566867
-0.567311
-0.567682
-0.568206
-0.568715
-0.569127
-0.569788
-0.57023
-0.57067
-0.571243
-0.571771
-0.572292
-0.572941
-0.573461
-0.573945
-0.574638
-0.575025
-0.575373
-0.576246
-0.576777
-0.57735
-0.577867
-0.578432
-0.579043
-0.579781
-0.580397
-0.580975
-0.581569
-0.582238
-0.582947
-0.583633
-0.584234
-0.584899
-0.585705
-0.586402
-0.587086
-0.587733
-0.588421
-0.589213
-0.590068
-0.590763
-0.591498
-0.592192
-0.59306
-0.593921
-0.5948
-0.595503
-0.596073
-0.597277
-0.598195
-0.59921
-0.599683
-0.601024
-0.601544
-0.602407
-0.603287
-0.604264
-0.60537
-0.606254
-0.607258
-0.608276
-0.609294
-0.610299
-0.611302
-0.612418
-0.613481
-0.614536
-0.61569
-0.616757
-0.617901
-0.618983
-0.620205
-0.621402
-0.62262
-0.623872
-0.625113
-0.626225
-0.627557
-0.628922
-0.630282
-0.631518
-0.633066
-0.634278
-0.635647
-0.637204
-0.638613
-0.639959
-0.641487
-0.643049
-0.644494
-0.646091
-0.647904
-0.649513
-0.651184
-0.652522
-0.654401
-0.656182
-0.657895
-0.659654
-0.661532
-0.663359
-0.665235
-0.667189
-0.669149
-0.671099
-0.673136
-0.675214
-0.677347
-0.67955
-0.681635
-0.683821
-0.686099
-0.688428
-0.690845
-0.693188
-0.695478
-0.698089
-0.700496
-0.70301
-0.705921
-0.708588
-0.711219
-0.713924
-0.716984
-0.719828
-0.72292
-0.725858
-0.728964
-0.732116
-0.735155
-0.738511
-0.742097
-0.745499
-0.748954
-0.752657
-0.756316
-0.760044
-0.763897
-0.767806
-0.77187
-0.776044
-0.780211
-0.784501
-0.788881
-0.793448
-0.798121
-0.802906
-0.807635
-0.812689
-0.817879
-0.823174
-0.828478
-0.83356
-0.839659
-0.84509
-0.851282
-0.85741
-0.86392
-0.870477
-0.876921
-0.883733
-0.890849
-0.897997
-0.905561
-0.913189
-0.92093
-0.929686
-0.937737
-0.94629
-0.955064
-0.964392
-0.973797
-0.983691
-0.993794
-1.00424
-1.01511
-1.02626
-1.03783
-1.04986
-1.06224
-1.07516
-1.08857
-1.10233
-1.1167
-1.13171
-1.14719
-1.16327
-1.18013
-1.19766
-1.21592
-1.23492
-1.25476
-1.27539
-1.29711
-1.31983
-1.34315
-1.36823
-1.3943
-1.42178
-1.45055
-1.48073
-1.5127
-1.54639
-1.58137
-1.61889
-1.65939
-1.70167
-1.74632
-1.79417
-1.84499
-1.89927
-1.9575
-2.01983
-2.08683
-2.15909
-2.2371
-2.32166
-2.41357
-2.51366
-2.62338
-2.74386
-2.87686
-3.02433
-3.18873
-3.37308
-3.58113
-3.81788
-4.08941
-4.40401
-4.77248
-5.20995
-5.73759
-6.38613
-7.20183
-8.25855
-9.68147
-11.6992
-14.7812
-20.0682
-31.2351
-70.3321
281.59
46.9852
25.6623
17.6698
13.4861
10.9139
9.17332
7.91819
6.97075
6.23076
5.63733
5.15114
4.7459
4.40321
4.10995
3.85645
3.6353
3.44086
3.26884
3.11575
2.97882
2.85573
2.74473
2.64426
2.55312
2.47006
2.39428
2.32532
2.26198
2.20436
2.15047
2.10189
2.05726
2.01583
1.97838
1.94401
1.91179
1.88297
1.85747
1.83383
1.81227
1.79311
1.77602
1.76093
1.74776
1.73649
1.727
1.71934
1.71345
1.70916
1.7067
